Accuracy : 0.8197303051809794
Precision : 0.683076923076923
Recall : 0.5951742627345844
F1 Score : 0.6361031518624641
